   8       0 sda 6356109 184407 315647908 5055160 3244571 1520690 252653416 14368332 0 3121320 19423788
   8       1 sda1 137353 107879 1961592 41352 69461 443478 4103528 167856 0 50720 208996
   8       2 sda2 4514286 40009 165546962 3351972 667060 746672 53147696 1652436 0 1423280 5003764
   8       3 sda3 1703638 32872 148103802 1661532 2084525 330540 195401384 11709232 0 1265056 13373936
   7       0 loop0 0 0 0 0 0 0 0 0 0 0 0
   7       1 loop1 0 0 0 0 0 0 0 0 0 0 0
   7       2 loop2 0 0 0 0 0 0 0 0 0 0 0
   7       3 loop3 0 0 0 0 0 0 0 0 0 0 0
   7       4 loop4 0 0 0 0 0 0 0 0 0 0 0
   7       5 loop5 0 0 0 0 0 0 0 0 0 0 0
   7       6 loop6 0 0 0 0 0 0 0 0 0 0 0
   7       7 loop7 0 0 0 0 0 0 0 0 0 0 0
 254       0 dm-0 1735066 0 148087178 2087332 2731621 0 195401384 32767716 0 1822332 34868788
 254       1 dm-1 1730780 0 148052850 2088128 2484202 0 195401384 32404092 0 1826212 34512900
 254       2 dm-2 1887 0 14872 1320 0 0 0 0 0 164 1320
   8      16 sdb 194 8 1574 1184 0 0 0 0 0 1180 1180
   8      32 sdc 0 0 0 0 0 0 0 0 0 0 0
   8      48 sdd 0 0 0 0 0 0 0 0 0 0 0
