                    CPU0       CPU1       CPU2       CPU3       CPU4       CPU5       CPU6       CPU7       
          HI:    5979539     310174      92051      85411          0          0          0          0
       TIMER:   15348920   13586021   14943926   13519553          0          0          0          0
      NET_TX:      24531      16038      26071      12660          0          0          0          0
      NET_RX:     411413     331724     475263     314401          0          0          0          0
       BLOCK:    9033435     160343      79734      76324          0          0          0          0
BLOCK_IOPOLL:         66          0          9          3          0          0          0          0
     TASKLET:    2415569     558945     388236     190618          0          0          0          0
       SCHED:    5325864    4296661    4849542    4283823          0          0          0          0
     HRTIMER:     849115     686017     853217     690761          0          0          0          0
         RCU:    8196759    9338184    7970607    9323629          0          0          0          0
