sk       Eth Pid    Groups   Rmem     Wmem     Dump     Locks     Drops     Inode
ffff880002dde800 0   12250  00000001 0        0        0 2        0        2872508 
ffff88003697e800 0   2516   00000111 0        0        0 2        0        17189   
ffff880036671000 0   11452  00000000 0        0        0 2        0        8180681 
ffff8801011c0000 0   6142   00000113 0        0        0 2        0        9961492 
ffff8800b5533800 0   692    00020ff8 0        0        0 2        0        150594  
ffff880102744800 0   29827  00000771 0        0        0 2        0        6495069 
ffff880118610800 0   0      00000000 0        0        0 2        0        7       
ffff88009ff24000 0   4205756 00000551 0        0        0 2        0        8180682 
ffff8800c7927800 4   0      00000000 0        0        0 2        0        4111    
ffff880117d6c800 7   0      00000000 0        0        0 2        0        4103    
ffff88003c600800 9   1      00000000 0        0        0 2        0        2191996 
ffff88011d83a000 9   0      00000000 0        0        0 2        0        4097    
ffff8800ca49b000 10  0      00000000 0        0        0 2        0        1027    
ffff880118788000 11  0      00000000 0        0        0 2        0        2050    
ffff8800ca1bf000 15  4294963166 00000002 0        0        0 2        0        19701   
ffff8800c8765000 15  2529   00000002 0        0        0 2        0        17239   
ffff8800ba6ac800 15  4294963053 00000002 0        0        0 2        0        2188230 
ffff880003b2f800 15  3364   00000002 0        0        0 2        0        2313935 
ffff88009fe4f800 15  4294962509 00000002 0        0        0 2        0        8182256 
ffff880117cb6800 15  18999  00000002 0        0        0 2        0        4067268 
ffff8800c9244800 15  10438  00000002 0        0        0 2        0        2633692 
ffff88008d45a800 15  18054  00000002 0        0        0 2        0        10661170
ffff88005de17000 15  22030  00000002 0        0        0 2        0        389274  
ffff8800a632b000 15  11452  00000002 0        0        0 2        0        8180683 
ffff8800a62b1000 15  10376  00000002 0        0        0 2        0        1476427 
ffff8800c7bc6800 15  31334  00000002 0        0        0 2        0        2191167 
ffff8801184b0800 15  4294963054 00000002 0        0        0 2        0        2188229 
ffff8800b54e0000 15  4724   00000002 0        0        0 2        0        2324242 
ffff8801184f2000 15  4294963052 00000002 0        0        0 2        0        2188231 
ffff8800ca1e3000 15  1      00000002 0        0        0 2        0        2190313 
ffff8800ba683000 15  4294962507 00000002 0        0        0 2        0        8182261 
ffff8800c7b85800 15  4294963184 00000001 0        0        0 2        0        5307    
ffff8800c907d800 15  2653   00000002 0        0        0 2        0        17250   
ffff8801184f4800 15  32381  00000002 0        0        0 2        0        6499884 
ffff880118611000 15  0      00000000 0        0        0 2        0        9       
ffff8800ca1bf800 15  2663   00000002 0        0        0 2        0        19697   
ffff88003ab54800 15  6142   00000002 0        0        0 2        0        9958614 
ffff8800ca1ff000 15  4294963164 00000002 0        0        0 2        0        19703   
ffff8800c91d1800 15  4294963163 00000002 0        0        0 2        0        18702   
ffff880002cd2000 15  4294962508 00000002 0        0        0 2        0        8182260 
ffff8800ca1ff800 15  4294963165 00000002 0        0        0 2        0        19702   
ffff88003aadc000 15  31331  00000002 0        0        0 2        0        2188228 
ffff880058ea5800 16  12250  00000000 0        0        0 2        0        2872509 
ffff8801026d2800 16  8400060 00000000 0        0        0 2        0        8182268 
ffff88011821e800 16  30516  00000002 0        0        0 2        0        6497100 
ffff88010075d000 16  4206554 00000070 0        0        0 2        0        10804605
ffff880118795800 16  0      00000000 0        0        0 2        0        2053    
ffff8800c7a30000 18  0      00000000 0        0        0 2        0        160     
